# Format <LP ID> <Group ID> <Router ID> <Link traffic per router port(s)># Router ports in the order: 8 local channels, 4 global channels 

 8 0 0 0 907816 265088 2864 480 240 96 0 0 0 0 0
 17 0 1 903984 0 916712 798880 539760 528248 775752 398416 4438176 0 0 0
 26 0 2 258968 915008 0 266576 261904 13176 26584 508080 567712 0 0 0
 35 0 3 2912 799896 261792 0 376704 260664 3600 3336 11016 0 0 0
 44 0 4 576 549368 256376 374152 0 376944 255672 2376 2976 0 0 0
 53 0 5 192 538536 12304 261136 368768 0 260744 256888 960 0 0 0
 62 0 6 48 778952 25208 4336 253944 258120 0 376632 192 0 0 0
 71 0 7 0 408992 512432 3192 2320 254200 372072 0 0 0 0 0
 80 1 0 0 532896 1049008 550792 550984 546080 558192 548240 4374600 0 0 0
 89 1 1 525232 0 902232 255616 1528 240 96 0 0 0 0 0
 98 1 2 1045400 892136 0 921264 792184 528160 766224 639832 4628944 0 0 0
 107 1 3 546000 252808 912704 0 262592 263928 24536 521184 574576 0 0 0
 116 1 4 539992 1344 792208 256536 0 371576 258928 3416 11944 0 0 0
 125 1 5 534224 240 534352 259480 366904 0 371168 253864 4464 0 0 0
 134 1 6 544672 96 779320 26552 256888 367904 0 252296 656 0 0 0
 143 1 7 537968 0 651624 521224 3392 248112 252560 0 0 0 0 0
 152 2 0 0 1027696 4000 524160 6112 7240 7056 12864 565168 0 0 0
 161 2 1 1042896 0 530368 1067400 543992 546384 544992 531120 4593816 0 0 0
 170 2 2 3808 528768 0 904144 258968 2448 784 96 0 0 0 0
 179 2 3 522424 1062200 890128 0 916456 785784 768584 525360 4501464 0 0 0
 188 2 4 5816 543152 252608 912432 0 273584 283072 524528 580144 0 0 0
 197 2 5 6112 541680 2704 784432 271352 0 376504 258792 17648 0 0 0
 206 2 6 8152 535352 736 770856 279008 371464 0 372704 4784 0 0 0
 215 2 7 14144 529416 96 531968 519912 253904 368544 0 0 0 0 0
 224 3 0 0 893200 782784 960 532064 5896 2352 8632 11280 0 0 0
 233 3 1 890352 0 1139736 3712 533080 7008 3632 2048 571808 0 0 0
 242 3 2 787144 1141272 0 534192 1066864 548568 542136 529216 4470608 0 0 0
 251 3 3 864 3720 527792 0 901376 256464 1424 48 0 0 0 0
 260 3 4 526680 530704 1057096 892296 0 907264 1017856 636520 4620728 0 0 0
 269 3 5 5680 6288 546936 254240 909592 0 278976 763704 583656 0 0 0
 278 3 6 2304 3920 538224 1424 1024912 284448 0 373576 11048 0 0 0
 287 3 7 9368 2192 530096 48 651136 771864 364768 0 0 0 0 0
 296 4 0 0 260632 776480 633840 384 535640 4592 8112 3024 0 0 0
 305 4 1 257168 0 401488 1020824 1216 543048 5488 1072 10792 0 0 0
 314 4 2 770536 397512 0 897904 3328 539760 6752 3008 585240 0 0 0
 323 4 3 646216 1033904 893224 0 527048 1065488 546896 531560 4567496 0 0 0
 332 4 4 384 1120 3432 526416 0 900248 256880 1440 0 0 0 0
 341 4 5 526616 544216 540400 1051960 890760 0 1152832 894224 4622288 0 0 0
 350 4 6 5752 5616 7000 537416 249000 1151896 0 776048 575136 0 0 0
 359 4 7 8016 1168 2672 528928 1272 902872 779952 0 0 0 0 0
 368 5 0 0 370240 253080 511200 638504 144 526248 10256 1056 0 0 0
 377 5 1 367272 0 256904 279880 768944 512 547160 864 4032 0 0 0
 386 5 2 249984 255840 0 387416 789024 1152 543080 768 16160 0 0 0
 395 5 3 517336 282600 379928 0 907016 4904 539992 2696 572184 0 0 0
 404 5 4 647864 777048 787648 908392 0 535448 1077952 528584 4588488 0 0 0
 413 5 5 240 752 1440 5088 533440 0 385032 259064 0 0 0 0
 422 5 6 519944 544744 546432 540600 1069824 378976 0 881984 3472256 0 0 0
 431 5 7 9944 1104 672 2880 524720 256488 885888 0 0 0 0 0
 440 6 0 0 377888 262600 4384 516496 535464 1068416 3515040 192 4583456 0 0
 449 6 1 372560 0 377120 258784 28800 765504 57216 55968 608 113184 0 0
 458 6 2 256736 374528 0 265552 274424 540072 46272 66912 4400 113184 0 0
 467 6 3 4640 254152 257624 0 377800 799864 0 0 10376 0 0 0
 476 6 4 520008 30624 268768 374688 0 917728 0 0 570048 0 0 0
 485 6 5 544536 776376 539000 800424 909160 0 0 0 3442424 0 0 0
 494 6 6 1068416 57216 46272 0 0 0 0 7997088 0 0 0 0
 503 6 7 3515040 55968 66912 0 0 0 7997088 0 11542048 0 0 0
 512 7 0 0 5032192 1071744 55552 4058112 3002304 4956000 2021440 0 15144928 0 0
 521 7 1 5032192 0 5032608 2456736 558592 1549984 4069888 2500096 0 13219072 0 0
 530 7 2 1071744 5032608 0 4070720 536288 54720 1538624 1570624 0 7956608 0 0
 539 7 3 55552 2456736 4070720 0 982528 11360 1537792 416 0 0 0 0
 548 7 4 4058112 558592 536288 982528 0 1474208 1537376 1003584 0 0 0 0
 557 7 5 3002304 1549984 54720 11360 1474208 0 2979168 982528 0 0 0 0
 566 7 6 4956000 4069888 1538624 1537792 1537376 2979168 0 1986528 11542048 0 0 0
 575 7 7 2021440 2500096 1570624 416 1003584 982528 1986528 0 0 0 0 0
 584 8 0 0 2479040 2575040 11360 10528 416 1024640 3014080 0 0 0 0
 593 8 1 2479040 0 6035776 3514624 514400 1484320 4934528 6484512 0 17487648 0 0
 602 8 2 2575040 6035776 0 2521568 4048416 1004000 993888 1037664 0 9210688 0 0
 611 8 3 11360 3514624 2521568 0 1965056 0 513152 1539456 0 0 0 0
 620 8 4 10528 514400 4048416 1965056 0 982528 1014112 580064 0 0 0 0
 629 8 5 416 1484320 1004000 0 982528 0 2478208 3973472 0 0 0 0
 638 8 6 1024640 4934528 993888 513152 1014112 2478208 0 3450208 4583456 0 0 0
 647 8 7 3014080 6484512 1037664 1539456 580064 3973472 3450208 0 15144928 0 0 0
 656 9 0 0 3973888 1965056 1506624 1549984 2990944 1976416 4465152 0 17487648 0 0
 665 9 1 3973888 0 2947584 491264 491264 0 11360 1997472 0 0 0 0
 674 9 2 1965056 2947584 0 2456320 1965056 982528 1485152 5480096 0 10316544 0 0
 683 9 3 1506624 491264 2456320 0 2947584 0 22304 2532512 0 0 0 0
 692 9 4 1549984 491264 1965056 2947584 0 1473792 11776 1549568 0 0 0 0
 701 9 5 2990944 0 982528 0 1473792 0 2456320 1997888 0 0 0 0
 710 9 6 1976416 11360 1485152 22304 11776 2456320 0 4016416 113184 0 0 0
 719 9 7 4465152 1997472 5480096 2532512 1549568 1997888 4016416 0 13219072 0 0 0
 728 10 0 0 6910528 1014528 2041664 2574624 1025472 33664 1582400 0 9210688 0 0
 737 10 1 6910528 0 3930112 2456320 982528 0 11360 1058304 0 10316544 0 0
 746 10 2 1014528 3930112 0 1965056 491264 0 22720 2609120 0 0 0 0
 755 10 3 2041664 2456320 1965056 0 2947584 25006564 21675116 62668624 0 108763896 0 0
 764 10 4 2574624 982528 491264 2947584 0 17090464 20873348 1605536 0 36454800 0 0
 773 10 5 1025472 0 0 24996888 17088152 0 45439148 26366452 0 57300048 0 0
 782 10 6 33664 11360 22720 20026708 20860064 44610660 0 19995468 113184 0 0 0
 791 10 7 1582400 1058304 2609120 64320748 1605536 27205344 17496252 0 7956608 0 0 0
 800 11 0 0 18339408 33755780 12496700 0 20829268 20828356 0 0 0 0 0
 809 11 1 16668912 0 41683912 0 0 41675844 0 0 0 0 0 0
 818 11 2 37915916 40018220 0 30415988 20847372 20828136 0 20835036 0 108770808 0 0
 827 11 3 10002300 0 32912280 0 36245660 14169164 10004008 0 0 0 0 0
 836 11 4 0 0 20834208 37911632 0 49602696 35825076 48334900 0 169154244 0 0
 845 11 5 20820064 41678420 20841272 13758236 47499588 0 17495748 14999328 0 72915936 0 0
 854 11 6 20834112 0 0 8751460 40400484 13755772 0 15834156 0 0 0 0
 863 11 7 0 0 20838240 0 47503952 16244288 15421940 0 0 0 0 0
 872 12 0 0 14999672 31267500 54579628 0 0 0 0 0 0 0 0
 881 12 1 16240220 0 33957132 34988012 4999224 5202208 0 4998572 0 0 0 0
 890 12 2 31267072 36027452 0 22076808 14999156 20813856 5003752 14995520 0 36469024 0 0
 899 12 3 53350512 35815812 19995240 0 40404064 46678944 35826604 20818880 0 169153648 0 0
 908 12 4 0 2915616 17484224 36229404 0 40840988 0 0 0 0 0 0
 917 12 5 0 5201280 20830688 47080348 37069772 0 42514944 43350672 0 130186564 0 0
 926 12 6 0 0 5413668 37087556 0 41678204 0 17089108 0 0 0 0
 935 12 7 0 5421396 16250120 20838040 0 40820384 17915792 0 0 0 0 0
 944 13 0 0 18747596 14990420 25823072 20843172 14994924 5004444 0 0 0 0 0
 953 13 1 16665280 0 15825808 28347172 35830764 4995040 0 0 0 0 0 0
 962 13 2 17495452 15840888 0 52923516 46668684 20834812 5203016 0 0 57275484 0 0
 971 13 3 23753576 24578748 55002232 0 37077908 9995460 7498756 0 0 72915968 0 0
 980 13 4 20821600 37093352 47094804 35825564 0 41647240 10189128 0 0 130209128 0 0
 989 13 5 16254180 5413052 20828408 9995152 40824188 0 6653764 0 0 0 0 0
 998 13 6 5404692 0 5191484 4999820 11450968 7494348 0 0 0 0 0 0
 1007 13 7 0 0 0 0 0 0 0 0 0 0 0 0
 1016 14 0 0 0 0 0 0 0 0 0 0 0 0 0
 1025 14 1 0 0 0 0 0 0 0 0 0 0 0 0
 1034 14 2 0 0 0 0 0 0 0 0 0 0 0 0
 1043 14 3 0 0 0 0 0 0 0 0 0 0 0 0
 1052 14 4 0 0 0 0 0 0 0 0 0 0 0 0
 1061 14 5 0 0 0 0 0 0 0 0 0 0 0 0
 1070 14 6 0 0 0 0 0 0 0 0 0 0 0 0
 1079 14 7 0 0 0 0 0 0 0 0 0 0 0 0
 1088 15 0 0 0 0 0 0 0 0 0 0 0 0 0
 1097 15 1 0 0 0 0 0 0 0 0 0 0 0 0
 1106 15 2 0 0 0 0 0 0 0 0 0 0 0 0
 1115 15 3 0 0 0 0 0 0 0 0 0 0 0 0
 1124 15 4 0 0 0 0 0 0 0 0 0 0 0 0
 1133 15 5 0 0 0 0 0 0 0 0 0 0 0 0
 1142 15 6 0 0 0 0 0 0 0 0 0 0 0 0
 1151 15 7 0 0 0 0 0 0 0 0 0 0 0 0
 1160 16 0 0 0 0 0 0 0 0 0 0 0 0 0
 1169 16 1 0 0 0 0 0 0 0 0 0 0 0 0
 1178 16 2 0 0 0 0 0 0 0 0 0 0 0 0
 1187 16 3 0 0 0 0 0 0 0 0 0 0 0 0
 1196 16 4 0 0 0 0 0 0 0 0 0 0 0 0
 1205 16 5 0 0 0 0 0 0 0 0 0 0 0 0
 1214 16 6 0 0 0 0 0 0 0 0 0 0 0 0
 1223 16 7 0 0 0 0 0 0 0 0 0 0 0 0
 1232 17 0 0 0 0 0 0 0 0 0 0 0 0 0
 1241 17 1 0 0 0 0 0 0 0 0 0 0 0 0
 1250 17 2 0 0 0 0 0 0 0 0 0 0 0 0
 1259 17 3 0 0 0 0 0 0 0 0 0 0 0 0
 1268 17 4 0 0 0 0 0 0 0 0 0 0 0 0
 1277 17 5 0 0 0 0 0 0 0 0 0 0 0 0
 1286 17 6 0 0 0 0 0 0 0 0 0 0 0 0
 1295 17 7 0 0 0 0 0 0 0 0 0 0 0 0
 1304 18 0 0 0 0 0 0 0 0 0 0 0 0 0
 1313 18 1 0 0 0 0 0 0 0 0 0 0 0 0
 1322 18 2 0 0 0 0 0 0 0 0 0 0 0 0
 1331 18 3 0 0 0 0 0 0 0 0 0 0 0 0
 1340 18 4 0 0 0 0 0 0 0 0 0 0 0 0
 1349 18 5 0 0 0 0 0 0 0 0 0 0 0 0
 1358 18 6 0 0 0 0 0 0 0 0 0 0 0 0
 1367 18 7 0 0 0 0 0 0 0 0 0 0 0 0
 1376 19 0 0 0 0 0 0 0 0 0 0 0 0 0
 1385 19 1 0 0 0 0 0 0 0 0 0 0 0 0
 1394 19 2 0 0 0 0 0 0 0 0 0 0 0 0
 1403 19 3 0 0 0 0 0 0 0 0 0 0 0 0
 1412 19 4 0 0 0 0 0 0 0 0 0 0 0 0
 1421 19 5 0 0 0 0 0 0 0 0 0 0 0 0
 1430 19 6 0 0 0 0 0 0 0 0 0 0 0 0
 1439 19 7 0 0 0 0 0 0 0 0 0 0 0 0
 1448 20 0 0 0 0 0 0 0 0 0 0 0 0 0
 1457 20 1 0 0 0 0 0 0 0 0 0 0 0 0
 1466 20 2 0 0 0 0 0 0 0 0 0 0 0 0
 1475 20 3 0 0 0 0 0 0 0 0 0 0 0 0
 1484 20 4 0 0 0 0 0 0 0 0 0 0 0 0
 1493 20 5 0 0 0 0 0 0 0 0 0 0 0 0
 1502 20 6 0 0 0 0 0 0 0 0 0 0 0 0
 1511 20 7 0 0 0 0 0 0 0 0 0 0 0 0
 1520 21 0 0 0 0 0 0 0 0 0 0 0 0 0
 1529 21 1 0 0 0 0 0 0 0 0 0 0 0 0
 1538 21 2 0 0 0 0 0 0 0 0 0 0 0 0
 1547 21 3 0 0 0 0 0 0 0 0 0 0 0 0
 1556 21 4 0 0 0 0 0 0 0 0 0 0 0 0
 1565 21 5 0 0 0 0 0 0 0 0 0 0 0 0
 1574 21 6 0 0 0 0 0 0 0 0 0 0 0 0
 1583 21 7 0 0 0 0 0 0 0 0 0 0 0 0
 1592 22 0 0 0 0 0 0 0 0 0 0 0 0 0
 1601 22 1 0 0 0 0 0 0 0 0 0 0 0 0
 1610 22 2 0 0 0 0 0 0 0 0 0 0 0 0
 1619 22 3 0 0 0 0 0 0 0 0 0 0 0 0
 1628 22 4 0 0 0 0 0 0 0 0 0 0 0 0
 1637 22 5 0 0 0 0 0 0 0 0 0 0 0 0
 1646 22 6 0 0 0 0 0 0 0 0 0 0 0 0
 1655 22 7 0 0 0 0 0 0 0 0 0 0 0 0
 1664 23 0 0 0 0 0 0 0 0 0 0 0 0 0
 1673 23 1 0 0 0 0 0 0 0 0 0 0 0 0
 1682 23 2 0 0 0 0 0 0 0 0 0 0 0 0
 1691 23 3 0 0 0 0 0 0 0 0 0 0 0 0
 1700 23 4 0 0 0 0 0 0 0 0 0 0 0 0
 1709 23 5 0 0 0 0 0 0 0 0 0 0 0 0
 1718 23 6 0 0 0 0 0 0 0 0 0 0 0 0
 1727 23 7 0 0 0 0 0 0 0 0 0 0 0 0
 1736 24 0 0 0 0 0 0 0 0 0 0 0 0 0
 1745 24 1 0 0 0 0 0 0 0 0 0 0 0 0
 1754 24 2 0 0 0 0 0 0 0 0 0 0 0 0
 1763 24 3 0 0 0 0 0 0 0 0 0 0 0 0
 1772 24 4 0 0 0 0 0 0 0 0 0 0 0 0
 1781 24 5 0 0 0 0 0 0 0 0 0 0 0 0
 1790 24 6 0 0 0 0 0 0 0 0 0 0 0 0
 1799 24 7 0 0 0 0 0 0 0 0 0 0 0 0
 1808 25 0 0 0 0 0 0 0 0 0 0 0 0 0
 1817 25 1 0 0 0 0 0 0 0 0 0 0 0 0
 1826 25 2 0 0 0 0 0 0 0 0 0 0 0 0
 1835 25 3 0 0 0 0 0 0 0 0 0 0 0 0
 1844 25 4 0 0 0 0 0 0 0 0 0 0 0 0
 1853 25 5 0 0 0 0 0 0 0 0 0 0 0 0
 1862 25 6 0 0 0 0 0 0 0 0 0 0 0 0
 1871 25 7 0 0 0 0 0 0 0 0 0 0 0 0
 1880 26 0 0 0 0 0 0 0 0 0 0 0 0 0
 1889 26 1 0 0 0 0 0 0 0 0 0 0 0 0
 1898 26 2 0 0 0 0 0 0 0 0 0 0 0 0
 1907 26 3 0 0 0 0 0 0 0 0 0 0 0 0
 1916 26 4 0 0 0 0 0 0 0 0 0 0 0 0
 1925 26 5 0 0 0 0 0 0 0 0 0 0 0 0
 1934 26 6 0 0 0 0 0 0 0 0 0 0 0 0
 1943 26 7 0 0 0 0 0 0 0 0 0 0 0 0
 1952 27 0 0 0 0 0 0 0 0 0 0 0 0 0
 1961 27 1 0 0 0 0 0 0 0 0 0 0 0 0
 1970 27 2 0 0 0 0 0 0 0 0 0 0 0 0
 1979 27 3 0 0 0 0 0 0 0 0 0 0 0 0
 1988 27 4 0 0 0 0 0 0 0 0 0 0 0 0
 1997 27 5 0 0 0 0 0 0 0 0 0 0 0 0
 2006 27 6 0 0 0 0 0 0 0 0 0 0 0 0
 2015 27 7 0 0 0 0 0 0 0 0 0 0 0 0
 2024 28 0 0 0 0 0 0 0 0 0 0 0 0 0
 2033 28 1 0 0 0 0 0 0 0 0 0 0 0 0
 2042 28 2 0 0 0 0 0 0 0 0 0 0 0 0
 2051 28 3 0 0 0 0 0 0 0 0 0 0 0 0
 2060 28 4 0 0 0 0 0 0 0 0 0 0 0 0
 2069 28 5 0 0 0 0 0 0 0 0 0 0 0 0
 2078 28 6 0 0 0 0 0 0 0 0 0 0 0 0
 2087 28 7 0 0 0 0 0 0 0 0 0 0 0 0
 2096 29 0 0 0 0 0 0 0 0 0 0 0 0 0
 2105 29 1 0 0 0 0 0 0 0 0 0 0 0 0
 2114 29 2 0 0 0 0 0 0 0 0 0 0 0 0
 2123 29 3 0 0 0 0 0 0 0 0 0 0 0 0
 2132 29 4 0 0 0 0 0 0 0 0 0 0 0 0
 2141 29 5 0 0 0 0 0 0 0 0 0 0 0 0
 2150 29 6 0 0 0 0 0 0 0 0 0 0 0 0
 2159 29 7 0 0 0 0 0 0 0 0 0 0 0 0
 2168 30 0 0 0 0 0 0 0 0 0 0 0 0 0
 2177 30 1 0 0 0 0 0 0 0 0 0 0 0 0
 2186 30 2 0 0 0 0 0 0 0 0 0 0 0 0
 2195 30 3 0 0 0 0 0 0 0 0 0 0 0 0
 2204 30 4 0 0 0 0 0 0 0 0 0 0 0 0
 2213 30 5 0 0 0 0 0 0 0 0 0 0 0 0
 2222 30 6 0 0 0 0 0 0 0 0 0 0 0 0
 2231 30 7 0 0 0 0 0 0 0 0 0 0 0 0
 2240 31 0 0 0 0 0 0 0 0 0 0 0 0 0
 2249 31 1 0 0 0 0 0 0 0 0 0 0 0 0
 2258 31 2 0 0 0 0 0 0 0 0 0 0 0 0
 2267 31 3 0 0 0 0 0 0 0 0 0 0 0 0
 2276 31 4 0 0 0 0 0 0 0 0 0 0 0 0
 2285 31 5 0 0 0 0 0 0 0 0 0 0 0 0
 2294 31 6 0 0 0 0 0 0 0 0 0 0 0 0
 2303 31 7 0 0 0 0 0 0 0 0 0 0 0 0
 2312 32 0 0 0 0 0 0 0 0 0 0 0 0 0
 2321 32 1 0 0 0 0 0 0 0 0 0 0 0 0
 2330 32 2 0 0 0 0 0 0 0 0 0 0 0 0
 2339 32 3 0 0 0 0 0 0 0 0 0 0 0 0
 2348 32 4 0 0 0 0 0 0 0 0 0 0 0 0
 2357 32 5 0 0 0 0 0 0 0 0 0 0 0 0
 2366 32 6 0 0 0 0 0 0 0 0 0 0 0 0
 2375 32 7 0 0 0 0 0 0 0 0 0 0 0 0